1,0,0.00,-293.94,293.94,0.00,0,0,1,0
2,250,26.66,-306.36,279.70,705.46,0,0,1,0
3,500,53.16,-316.89,263.73,1406.57,0,0,1,0
4,750,79.33,-325.46,246.13,2098.97,0,0,1,0
5,1001,105.01,-332.02,227.01,2778.41,0,0,1,0
6,1251,130.04,-336.53,206.49,3440.67,0,0,1,0
7,1501,154.27,-338.96,184.69,4081.67,0,0,1,0
8,1752,177.54,-339.29,161.75,4697.44,0,0,1,0
9,2002,199.72,-337.52,137.81,5284.17,0,0,1,0
10,2252,220.66,-333.67,113.01,5838.25,0,0,1,0
11,2503,240.24,-327.76,87.52,6356.24,0,0,1,0
12,2753,258.33,-319.82,61.49,6834.94,0,0,1,0
13,3003,274.82,-309.90,35.08,7271.40,0,0,1,0
14,3254,289.62,-298.07,8.45,7662.92,0,0,1,0
15,3504,302.63,-284.40,-18.23,8007.07,0,0,1,0
16,3754,313.77,-268.97,-44.80,8301.73,0,0,1,0
17,4005,322.96,-251.87,-71.09,8545.09,0,0,1,0
18,4255,330.17,-233.22,-96.94,8735.62,0,0,1,0
19,4505,335.33,-213.13,-122.19,8872.17,0,0,1,0
20,4755,338.41,-191.72,-146.69,8953.87,0,0,1,0
21,5006,339.41,-169.13,-170.28,8980.24,0,0,1,0
22,5256,338.31,-145.49,-192.82,8951.10,0,0,1,0
23,5506,335.12,-120.95,-214.17,8866.64,0,0,1,0
24,5757,329.85,-95.66,-234.19,8727.37,0,0,1,0
25,6007,322.55,-69.78,-252.77,8534.16,0,0,1,0
26,6257,313.25,-43.47,-269.78,8288.20,0,0,1,0
27,6508,302.02,-16.90,-285.13,7991.02,0,0,1,0
28,6758,288.92,9.79,-298.71,7644.45,0,0,1,0
29,7008,274.04,36.41,-310.45,7250.62,0,0,1,0
30,7259,257.46,62.80,-320.26,6811.99,0,0,1,0
31,7509,239.29,88.81,-328.10,6331.25,0,0,1,0
32,7759,219.64,114.27,-333.91,5811.37,0,0,1,0
33,8010,198.64,139.03,-337.66,5255.58,0,0,1,0
34,8260,176.40,162.92,-339.32,4667.31,0,0,1,0
35,8510,153.08,185.81,-338.88,4050.19,0,0,1,0
36,8760,128.81,207.55,-336.35,3408.03,0,0,1,0
37,9011,103.74,228.00,-331.74,2744.81,0,0,1,0
38,9261,78.03,247.05,-325.08,2064.63,0,0,1,0
39,9511,51.84,264.57,-316.41,1371.68,0,0,1,0
40,9762,25.33,280.45,-305.79,670.26,0,0,1,0
41,10012,-1.33,294.60,-293.27,-35.31,0,0,1,0
42,10262,-27.99,306.93,-278.94,-740.66,0,0,1,0
43,10513,-54.48,317.37,-262.89,-1441.43,0,0,1,0
44,10763,-80.63,325.84,-245.21,-2133.29,0,0,1,0
45,11013,-106.28,332.30,-226.02,-2811.97,0,0,1,0
46,11264,-131.27,336.70,-205.43,-3473.26,0,0,1,0
47,11514,-155.46,339.02,-183.57,-4113.09,0,0,1,0
48,11764,-178.68,339.25,-160.57,-4727.50,0,0,1,0
49,12015,-200.79,337.38,-136.59,-5312.68,0,0,1,0
50,12265,-221.67,333.43,-111.76,-5865.03,0,0,1,0
51,12515,-241.18,327.41,-86.23,-6381.13,0,0,1,0
52,12765,-259.19,319.37,-60.18,-6857.79,0,0,1,0
53,13016,-275.61,309.36,-33.75,-7292.07,0,0,1,0
54,13266,-290.32,297.43,-7.12,-7681.27,0,0,1,0
55,13516,-303.23,283.67,19.56,-8022.99,0,0,1,0
56,13767,-314.27,268.15,46.12,-8315.13,0,0,1,0
57,14017,-323.37,250.98,72.39,-8555.88,0,0,1,0
58,14267,-330.47,232.25,98.22,-8743.74,0,0,1,0
59,14518,-335.53,212.09,123.44,-8877.56,0,0,1,0
60,14768,-338.51,190.62,147.89,-8956.51,0,0,1,0
61,15018,-339.41,167.97,171.44,-8980.10,0,0,1,0
62,15269,-338.20,144.28,193.92,-8948.19,0,0,1,0
63,15519,-334.90,119.70,215.20,-8860.97,0,0,1,0
64,15769,-329.54,94.38,235.16,-8718.98,0,0,1,0
65,16020,-322.13,68.48,253.66,-8523.10,0,0,1,0
66,16270,-312.74,42.15,270.59,-8274.55,0,0,1,0
67,16520,-301.41,15.56,285.85,-7974.85,0,0,1,0
68,16770,-288.22,-11.12,299.34,-7625.86,0,0,1,0
69,17021,-273.25,-37.73,310.98,-7229.74,0,0,1,0
70,17271,-256.59,-64.11,320.70,-6788.93,0,0,1,0
71,17521,-238.34,-90.10,328.44,-6306.16,0,0,1,0
72,17772,-218.62,-115.53,334.15,-5784.41,0,0,1,0
73,18022,-197.55,-140.24,337.79,-5226.91,0,0,1,0
74,18272,-175.26,-164.09,339.35,-4637.11,0,0,1,0
75,18523,-151.89,-186.92,338.81,-4018.64,0,0,1,0
76,18773,-127.57,-208.60,336.17,-3375.34,0,0,1,0
77,19023,-102.47,-228.99,331.46,-2711.17,0,0,1,0
78,19274,-76.73,-247.96,324.70,-2030.25,0,0,1,0
79,19524,-50.52,-265.40,315.93,-1336.78,0,0,1,0
80,19774,-24.00,-281.20,305.20,-635.04,0,0,1,0
81,20025,2.67,-295.26,292.60,70.62,0,0,1,0
82,20275,29.32,-307.50,278.18,775.84,0,0,1,0
83,20525,55.80,-317.84,262.04,1476.27,0,0,1,0
84,20775,81.92,-326.21,244.29,2167.57,0,0,1,0
85,21026,107.55,-332.57,225.02,2845.48,0,0,1,0
86,21276,132.50,-336.87,204.36,3505.80,0,0,1,0
87,21526,156.64,-339.08,182.44,4144.45,0,0,1,0
88,21777,179.81,-339.21,159.40,4757.48,0,0,1,0
89,22027,201.87,-337.23,135.36,5341.11,0,0,1,0
90,22277,222.68,-333.17,110.49,5891.73,0,0,1,0
91,22528,242.11,-327.06,84.94,6405.93,0,0,1,0
92,22778,260.05,-318.92,58.87,6880.54,0,0,1,0
93,23028,276.38,-308.81,32.42,7312.62,0,0,1,0
94,23279,291.00,-296.79,5.78,7699.50,0,0,1,0
95,23529,303.83,-282.93,-20.89,8038.80,0,0,1,0
96,23779,314.77,-267.33,-47.44,8328.40,0,0,1,0
97,24030,323.77,-250.08,-73.70,8566.54,0,0,1,0
98,24280,330.77,-231.28,-99.50,8751.72,0,0,1,0
99,24530,335.73,-211.05,-124.68,8882.82,0,0,1,0
100,24780,338.61,-189.51,-149.09,8959.01,0,0,1,0
101,25031,339.39,-166.81,-172.59,8979.82,0,0,1,0
102,25281,338.08,-143.07,-195.01,8945.14,0,0,1,0
103,25531,334.68,-118.45,-216.23,8855.16,0,0,1,0
104,25782,329.21,-93.10,-236.12,8710.46,0,0,1,0
105,26032,321.71,-67.17,-254.54,8511.92,0,0,1,0
106,26282,312.22,-40.83,-271.39,8260.76,0,0,1,0
107,26533,300.80,-14.23,-286.56,7958.55,0,0,1,0
108,26783,287.51,12.45,-299.97,7607.15,0,0,1,0
109,27033,272.46,39.06,-311.52,7208.73,0,0,1,0
110,27284,255.71,65.42,-321.14,6765.76,0,0,1,0
111,27534,237.39,91.39,-328.78,6280.97,0,0,1,0
112,27784,217.60,116.78,-334.38,5757.36,0,0,1,0
113,28035,196.47,141.46,-337.92,5198.16,0,0,1,0
114,28285,174.12,165.26,-339.37,4606.83,0,0,1,0
115,28535,150.69,188.03,-338.73,3987.03,0,0,1,0
116,28785,126.33,209.65,-335.99,3342.59,0,0,1,0
117,29036,101.20,229.97,-331.17,2677.49,0,0,1,0
118,29286,75.43,248.87,-324.30,1995.84,0,0,1,0
119,29536,49.20,266.23,-315.44,1301.85,0,0,1,0
120,29787,22.67,281.95,-304.62,599.81,0,0,1,0
121,30037,-4.00,295.92,-291.92,-105.93,0,0,1,0
122,30287,-30.65,308.06,-277.41,-811.01,0,0,1,0
123,30538,-57.11,318.30,-261.19,-1511.09,0,0,1,0
124,30788,-83.22,326.58,-243.36,-2201.82,0,0,1,0
125,31038,-108.81,332.83,-224.02,-2878.95,0,0,1,0
126,31289,-133.73,337.03,-203.30,-3538.28,0,0,1,0
127,31539,-157.82,339.14,-181.32,-4175.74,0,0,1,0
128,31789,-180.94,339.16,-158.22,-4787.39,0,0,1,0
129,32040,-202.94,337.08,-134.14,-5369.45,0,0,1,0
130,32290,-223.68,332.92,-109.23,-5918.33,0,0,1,0
131,32540,-243.05,326.70,-83.65,-6430.62,0,0,1,0
132,32790,-260.91,318.46,-57.55,-6903.17,0,0,1,0
133,33041,-277.15,308.25,-31.10,-7333.06,0,0,1,0
134,33291,-291.69,296.14,-4.45,-7717.61,0,0,1,0
135,33541,-304.42,282.19,22.23,-8054.47,0,0,1,0
136,33792,-315.27,266.51,48.76,-8341.55,0,0,1,0
137,34042,-324.17,249.17,75.00,-8577.07,0,0,1,0
138,34292,-331.07,230.30,100.77,-8759.57,0,0,1,0
139,34543,-335.92,210.00,125.92,-8887.93,0,0,1,0
140,34793,-338.70,188.40,150.29,-8961.36,0,0,1,0
141,35043,-339.38,165.64,173.73,-8979.41,0,0,1,0
142,35294,-337.96,141.86,196.10,-8941.95,0,0,1,0
143,35544,-334.46,117.20,217.26,-8849.22,0,0,1,0
144,35794,-328.89,91.81,237.07,-8701.80,0,0,1,0
145,36045,-321.28,65.86,255.42,-8500.60,0,0,1,0
146,36295,-311.69,39.50,272.19,-8246.85,0,0,1,0
147,36545,-300.18,12.90,287.28,-7942.13,0,0,1,0
148,36795,-286.80,-13.79,300.59,-7588.33,0,0,1,0
149,37046,-271.66,-40.38,312.04,-7187.62,0,0,1,0
150,37296,-254.83,-66.73,321.57,-6742.49,0,0,1,0
151,37546,-236.44,-92.67,329.11,-6255.68,0,0,1,0
152,37797,-216.58,-118.03,334.61,-5730.21,0,0,1,0
153,38047,-195.38,-142.67,338.04,-5169.33,0,0,1,0
154,38297,-172.97,-166.42,339.39,-4576.49,0,0,1,0
155,38548,-149.49,-189.14,338.64,-3955.36,0,0,1,0
156,38798,-125.09,-210.70,335.79,-3309.79,0,0,1,0
157,39048,-99.92,-230.95,330.87,-2643.76,0,0,1,0
158,39299,-74.13,-249.78,323.91,-1961.39,0,0,1,0
159,39549,-47.88,-267.06,314.94,-1266.90,0,0,1,0
160,39799,-21.34,-282.69,304.03,-564.58,0,0,1,0
161,40050,5.34,-296.57,6269.20,46.71,0,0,1,0
162,40300,31.98,-308.62,6021.83,279.84,0,0,1,0
163,40550,58.43,-318.76,5747.14,511.24,0,0,1,0
164,40801,84.51,-326.94,5446.75,739.48,0,0,1,0
165,41051,110.07,-333.09,5122.43,963.15,0,0,1,0
166,41301,134.96,-337.18,4776.11,1180.86,0,0,1,0
167,41551,159.00,-339.19,4409.84,1391.28,0,0,1,0
168,41802,182.07,-339.10,4025.81,1593.10,0,0,1,0
169,42052,204.01,-336.92,3626.32,1785.07,0,0,1,0
170,42302,224.69,-332.65,3213.75,1966.01,0,0,1,0
171,42553,243.98,-326.33,2790.58,2134.80,0,0,1,0
172,42803,261.76,-317.99,2359.35,2290.39,0,0,1,0
173,43053,277.92,-307.69,1922.65,2431.83,0,0,1,0
174,43304,292.37,-295.48,1483.09,2558.23,0,0,1,0
175,43554,305.01,-281.45,1043.32,2668.83,0,0,1,0
176,43804,315.76,-265.68,605.99,2762.93,0,0,1,0
177,44055,324.57,-248.27,173.72,2839.95,0,0,1,0
178,44305,331.36,-229.32,-250.88,2899.42,0,0,1,0
179,44555,336.11,-208.95,-665.27,2940.96,0,0,1,0
180,44806,338.78,-187.29,-1066.96,2964.33,0,0,1,0
181,45056,339.36,-164.48,-1453.53,2969.38,0,0,1,0
182,45306,337.84,-140.65,-1822.67,2956.08,0,0,1,0
183,45556,334.23,-115.95,-2172.16,2924.50,0,0,1,0
184,45807,328.55,-90.53,-2499.92,2874.85,0,0,1,0
185,46057,320.85,-64.55,-2803.99,2807.43,0,0,1,0
186,46307,311.16,-38.18,-3082.55,2722.66,0,0,1,0
187,46558,299.55,-11.56,-3333.96,2621.06,0,0,1,0
188,46808,286.09,15.12,-3556.72,2503.26,0,0,1,0
189,47058,270.86,41.71,-3749.53,2369.99,0,0,1,0
190,47309,253.95,68.04,-3911.26,2222.07,0,0,1,0
191,47559,235.48,93.95,-4040.98,2060.42,0,0,1,0
192,47809,215.55,119.28,-4137.95,1886.03,0,0,1,0
193,48060,194.28,143.88,-4201.64,1699.98,0,0,1,0
194,48310,171.82,167.58,-4231.71,1503.43,0,0,1,0
195,48560,148.29,190.25,-4228.04,1297.58,0,0,1,0
196,48811,123.85,211.74,-4190.73,1083.71,0,0,1,0
197,49061,98.65,231.93,-4120.06,863.15,0,0,1,0
198,49311,72.83,250.68,-4016.53,637.25,0,0,1,0
199,49561,46.56,267.88,-3880.84,407.41,0,0,1,0
200,49812,20.01,283.42,-3713.89,175.06,0,0,1,0
201,50062,-6.67,297.22,-3516.78,-58.38,0,0,1,0
202,50312,-33.31,309.17,-3290.78,-291.46,0,0,1,0
203,50563,-59.74,319.22,-3037.35,-522.73,0,0,1,0
204,50813,-85.80,327.29,-2758.11,-750.78,0,0,1,0
205,51063,-111.34,333.34,-2454.86,-974.18,0,0,1,0
206,51314,-136.18,337.33,-2129.51,-1191.57,0,0,1,0
207,51564,-160.18,339.24,-1784.15,-1401.59,0,0,1,0
208,51814,-183.19,339.04,-1420.95,-1602.94,0,0,1,0
209,52065,-205.07,336.76,-1042.23,-1794.39,0,0,1,0
210,52315,-225.69,332.39,-650.37,-1974.75,0,0,1,0
211,52565,-244.90,325.96,-247.86,-2142.90,0,0,1,0
212,52816,-262.61,317.52,162.75,-2297.81,0,0,1,0
213,53066,-278.69,307.12,578.89,-2438.51,0,0,1,0
214,53316,-293.05,294.82,997.92,-2564.14,0,0,1,0
215,53566,-305.59,280.70,1417.19,-2673.93,0,0,1,0
216,53817,-316.25,264.85,1834.07,-2767.19,0,0,1,0
217,54067,-324.95,247.35,2245.92,-2843.34,1,0,1,0
218,54317,-331.65,228.33,2650.15,-2901.92,1,0,1,0
219,54568,-336.29,207.90,3044.20,-2942.57,1,0,1,0
220,54818,-338.86,186.18,3425.59,-2965.02,1,0,1,0
221,55068,-339.33,163.31,3791.91,-2969.15,1,0,1,0
222,55319,-337.71,139.43,4140.85,-2954.93,1,0,1,0
223,55569,-333.99,114.69,4470.19,-2922.45,1,0,1,0
224,55819,-328.22,89.24,4777.86,-2871.90,1,0,1,0
225,56070,-320.41,63.24,5061.89,-2803.60,1,0,1,0
226,56320,-310.63,36.85,5320.50,-2717.98,1,0,1,0
227,56570,-298.92,10.23,5552.02,-2615.55,1,0,1,0
228,56821,-285.37,-16.45,5754.98,-2496.96,1,0,1,0
229,57071,-270.05,-43.03,5928.09,-2362.93,1,0,1,0
230,57321,-253.06,-69.35,6070.21,-2214.31,1,0,1,0
231,57571,-234.51,-95.24,6180.43,-2051.99,1,0,1,0
232,57822,-214.51,-120.53,6258.01,-1876.99,1,0,1,0
233,58072,-193.19,-145.09,6302.44,-1690.39,1,0,1,0
234,58322,-170.67,-168.74,6313.39,-1493.34,1,0,1,0
235,58573,-147.09,-191.35,6290.75,-1287.07,1,0,1,0
236,58823,-122.61,-212.78,6234.61,-1072.83,1,0,1,0
237,59073,-97.37,-232.90,6145.27,-851.97,1,0,1,0
238,59324,-71.52,-251.58,6023.25,-625.84,1,0,1,0
239,59574,-45.24,-268.70,5869.25,-395.84,1,0,1,0
240,59824,-18.67,-284.16,5684.19,-163.40,1,0,1,0
241,60075,8.01,-297.86,5469.15,70.06,1,1,1,0
242,60325,34.64,-309.72,5225.43,303.08,1,1,1,0
243,60575,61.05,-319.67,4954.50,534.23,1,1,1,0
244,60826,87.09,-327.64,4657.98,762.07,1,1,1,0
245,61076,112.60,-333.59,4337.66,985.21,1,1,1,0
246,61326,137.40,-337.48,3995.49,1202.25,1,1,1,0
247,61576,161.36,-339.28,3633.53,1411.87,1,1,1,0
248,61827,184.32,-338.98,3253.99,1612.76,1,1,1,0
249,62077,206.13,-336.59,2859.17,1803.68,1,1,1,0
250,62327,226.68,-332.11,2451.47,1983.45,1,1,1,0
251,62578,245.82,-325.59,2033.36,2150.97,1,1,1,0
252,62828,263.45,-317.05,1607.40,2305.19,1,1,1,0
253,63078,279.45,-306.55,1176.18,2445.16,1,1,1,0
254,63329,293.72,-294.16,742.32,2570.02,1,1,1,0
255,63579,306.17,-279.95,308.47,2678.99,1,1,1,0
256,63829,316.73,-264.01,-122.73,2771.41,1,1,1,0
257,64080,325.34,-246.44,-548.66,2846.69,1,1,1,0
258,64330,331.93,-227.34,-966.71,2904.38,1,1,1,0
259,64580,336.47,-206.84,-1374.34,2944.12,1,1,1,0
260,64831,338.93,-185.06,-1769.07,2965.67,1,1,1,0
261,65081,339.30,-162.14,-2148.49,2968.88,1,1,1,0
262,65331,337.57,-138.21,-2510.31,2953.74,1,1,1,0
263,65581,333.75,-113.43,-2852.30,2920.35,1,1,1,0
264,65832,327.87,-87.95,-3172.41,2868.91,1,1,1,0
265,66082,319.97,-61.93,-3468.68,2799.73,1,1,1,0
266,66332,310.09,-35.52,-3739.31,2713.25,1,1,1,0
267,66583,298.29,-8.90,-3982.68,2610.00,1,1,1,0
268,66833,284.64,17.79,-4197.31,2490.62,1,1,1,0
269,67083,269.24,44.36,-4381.91,2355.84,1,1,1,0
270,67334,252.17,70.65,-4535.37,2206.51,1,1,1,0
271,67584,233.55,96.52,-4656.78,2043.53,1,1,1,0
272,67834,213.48,121.78,-4745.42,1867.93,1,1,1,0
273,68085,192.09,146.29,-4800.77,1680.78,1,1,1,0
274,68335,169.51,169.90,-4822.53,1483.24,1,1,1,0
275,68585,145.89,192.46,-4810.59,1276.53,1,1,1,0
276,68836,121.36,213.82,-4765.07,1061.94,1,1,1,0
277,69086,96.09,233.87,-4686.27,840.78,1,1,1,0
278,69336,70.22,252.47,-4574.70,614.42,1,1,1,0
279,69586,43.92,269.51,-4431.11,384.27,1,1,1,0
280,69837,17.34,284.88,-4256.39,151.74,1,1,1,0
281,70087,-9.34,298.50,-4051.67,-81.73,1,1,1,0
282,70337,-35.96,310.27,-3818.24,-314.69,1,1,1,0
283,70588,-62.37,320.12,-3557.57,-545.71,1,1,1,0
284,70838,-88.38,327.99,-3271.31,-773.35,1,1,1,0
285,71088,-113.85,333.83,-2961.24,-996.22,1,1,1,0
286,71339,-138.62,337.62,-2629.33,-1212.92,1,1,1,0
287,71589,-162.53,339.31,-2277.65,-1422.13,1,1,1,0
288,71839,-185.43,338.91,-1908.40,-1622.55,1,1,1,0
289,72090,-207.19,336.41,-1523.89,-1812.94,1,1,1,0
290,72340,-227.67,331.84,-1126.54,-1992.13,1,1,1,0
291,72590,-246.74,325.21,-718.82,-2159.00,1,1,1,0
292,72841,-264.29,316.57,-303.28,-2312.53,1,1,1,0
293,73091,-280.20,305.98,117.48,-2451.77,1,1,1,0
294,73341,-294.38,293.49,540.83,-2575.85,1,1,1,0
295,73591,-306.74,279.19,964.14,-2684.01,1,1,1,0
296,73842,-317.21,263.17,1384.74,-2775.58,1,1,1,0
297,74092,-325.71,245.52,1800.02,-2850.00,1,1,1,0
298,74342,-332.21,226.35,2207.39,-2906.80,1,1,1,0
299,74593,-336.64,205.78,2604.30,-2945.63,1,1,1,0
300,74843,-339.00,183.94,2988.27,-2966.26,1,1,1,0
301,75093,-339.26,160.97,3356.90,-2968.56,1,1,1,0
302,75344,-337.43,136.99,3707.88,-2952.50,1,1,1,0
303,75594,-333.51,112.18,4039.03,-2918.20,1,1,1,0
304,75844,-327.53,86.66,4348.26,-2865.86,1,1,1,0
305,76095,-319.52,60.62,4633.65,-2795.81,1,1,1,0
306,76345,-309.54,34.19,4893.40,-2708.48,1,1,1,0
307,76595,-297.65,7.56,5125.88,-2604.41,1,1,1,0
308,76846,-283.91,-19.12,5329.64,-2484.24,1,1,1,0
309,77096,-268.42,-45.68,5503.38,-2348.71,1,1,1,0
310,77346,-251.28,-71.96,5646.01,-2198.67,1,1,1,0
311,77596,-232.58,-97.79,5756.62,-2035.04,1,1,1,0
312,77847,-212.44,-123.02,5834.51,-1858.83,1,1,1,0
313,78097,-190.99,-147.49,5879.17,-1671.14,1,1,1,0
314,78347,-168.36,-171.05,5890.30,-1473.11,1,1,1,0
315,78598,-144.68,-193.55,5867.81,-1265.98,1,1,1,0
316,78848,-120.12,-214.86,5811.81,-1051.02,1,1,1,0
317,79098,-94.81,-234.83,5722.63,-829.57,1,1,1,0
318,79349,-68.91,-253.36,5600.80,-602.99,1,1,1,0
319,79599,-42.59,-270.32,5447.04,-372.68,1,1,1,0
320,79849,-16.01,-285.61,5262.29,-140.07,1,1,1,0
321,80100,10.67,-299.13,5047.67,93.40,1,1,1,0
322,80350,37.29,-310.80,4804.47,326.30,1,1,1,0
323,80600,63.68,-320.56,4534.18,557.18,1,1,1,0
324,80851,89.67,-328.33,4238.45,784.62,1,1,1,0
325,81101,115.11,-334.07,3919.09,1007.21,1,1,1,0
326,81351,139.84,-337.75,3578.05,1223.57,1,1,1,0
327,81602,163.70,-339.34,3217.41,1432.37,1,1,1,0
328,81852,186.55,-338.83,2839.38,1632.32,1,1,1,0
329,82102,208.25,-336.23,2446.28,1822.18,1,1,1,0
330,82352,228.66,-331.55,2040.52,2000.77,1,1,1,0
331,82603,247.66,-324.82,1624.59,2167.00,1,1,1,0
332,82853,265.12,-316.09,1201.03,2319.84,1,1,1,0
333,83103,280.95,-305.40,772.44,2458.34,1,1,1,0
334,83354,295.04,-292.82,341.46,2581.64,1,1,1,0
335,83604,307.31,-278.43,-89.27,2688.99,1,1,1,0
336,83854,317.68,-262.32,-517.12,2779.71,1,1,1,0
337,84105,326.09,-244.59,-939.45,2853.26,1,1,1,0
338,84355,332.48,-225.35,-1353.68,2909.17,1,1,1,0
339,84605,336.81,-204.72,-1757.26,2947.10,1,1,1,0
340,84856,339.06,-182.82,-2147.72,2966.81,1,1,1,0
341,85106,339.22,-159.79,-2522.66,2968.19,1,1,1,0
342,85356,337.28,-135.77,-2879.78,2951.22,1,1,1,0
343,85607,333.26,-110.92,-3216.90,2916.01,1,1,1,0
344,85857,327.17,-85.37,-3531.95,2862.78,1,1,1,0
345,86107,319.07,-59.30,-3823.01,2791.85,1,1,1,0
346,86357,308.99,-32.87,-4088.28,2703.67,1,1,1,0
347,86608,297.00,-6.23,-4326.15,2598.78,1,1,1,0
348,86858,283.18,20.45,-4535.17,2477.82,1,1,1,0
349,87108,267.61,47.00,-4714.06,2341.55,1,1,1,0
350,87359,250.38,73.26,-4861.73,2190.81,1,1,1,0
351,87609,231.60,99.07,-4977.29,2026.52,1,1,1,0
352,87859,211.40,124.27,-5060.04,1849.71,1,1,1,0
353,88110,189.88,148.69,-5109.49,1661.47,1,1,1,0
354,88360,167.20,172.20,-5125.35,1462.96,1,1,1,0
355,88610,143.47,194.65,-5107.53,1255.41,1,1,1,0
356,88861,118.87,215.89,-5056.17,1040.09,1,1,1,0
357,89111,93.53,235.80,-4971.59,818.35,1,1,1,0
358,89361,67.61,254.25,-4854.34,591.55,1,1,1,0
359,89612,41.27,271.12,-4705.15,361.10,1,1,1,0
360,89862,14.68,286.33,-4524.98,128.41,1,1,1,0
361,90112,-12.01,299.76,-4314.93,-105.07,1,1,1,0
362,90362,-38.62,311.34,-4076.34,-337.90,1,1,1,0
363,90613,-64.99,320.99,-3810.68,-568.65,1,1,1,0
364,90863,-90.96,328.67,-3519.62,-795.88,1,1,1,0
365,91113,-116.36,334.31,-3204.97,-1018.19,1,1,1,0
366,91364,-141.05,337.88,-2868.69,-1234.20,1,1,1,0
367,91614,-164.87,339.37,-2512.88,-1442.59,1,1,1,0
368,91864,-187.66,338.75,-2139.74,-1642.06,1,1,1,0
369,92115,-209.30,336.05,-1751.60,-1831.38,1,1,1,0
370,92365,-229.64,331.27,-1350.88,-2009.39,1,1,1,0
371,92615,-248.57,324.44,-940.06,-2174.97,1,1,1,0
372,92866,-265.96,315.60,-521.70,-2327.11,1,1,1,0
373,93116,-281.70,304.81,-98.40,-2464.87,1,1,1,0
374,93366,-295.70,292.14,327.21,-2587.39,1,1,1,0
375,93617,-307.88,277.67,752.49,-2693.92,1,1,1,0
376,93867,-318.15,261.48,1174.79,-2783.80,1,1,1,0
377,94117,-326.45,243.67,1591.49,-2856.48,1,1,1,0
378,94367,-332.74,224.35,2000.00,-2911.50,1,1,1,0
379,94618,-336.97,203.65,2397.78,-2948.52,1,1,1,0
380,94868,-339.12,181.69,2782.36,-2967.32,1,1,1,0
381,95118,-19.52,0.00,129.87,-8973.99,1,1,0,1
382,95369,-18.45,0.00,138.60,-8919.91,1,1,0,1
383,95619,-17.34,0.00,145.34,-8810.70,1,1,0,1
384,95869,-16.18,0.00,150.24,-8647.04,1,1,0,1
385,96120,-15.01,0.00,153.44,-8429.92,1,1,0,1
386,96370,-13.82,0.00,155.06,-8160.71,1,1,0,1
387,96620,-12.63,0.00,155.24,-7841.05,1,1,0,1
388,96871,-11.45,0.00,154.13,-7472.93,1,1,0,1
389,97121,-10.28,0.00,151.85,-7058.63,1,1,0,1
390,97371,-9.15,0.00,148.53,-6600.69,1,1,0,1
391,97622,-8.04,0.00,144.30,-6101.96,1,1,0,1
392,97872,-6.98,0.00,139.28,-5565.51,1,1,0,1
393,98122,-5.96,0.00,133.59,-4994.67,1,1,0,1
394,98372,-4.98,0.00,127.33,-4392.95,1,1,0,1
395,98623,-4.06,0.00,120.62,-3764.08,1,1,0,1
396,98873,-3.19,0.00,113.55,-3111.95,1,1,0,1
397,99123,-2.38,0.00,106.22,-2440.58,1,1,0,1
398,99374,-1.63,0.00,98.71,-1754.13,1,1,0,1
399,99624,-0.93,0.00,91.10,-1056.83,1,1,0,1
400,99874,-0.30,0.00,83.46,-353.00,1,1,0,1
401,100125,0.28,0.00,75.86,353.00,1,1,0,1
402,100375,0.80,0.00,68.35,1056.83,1,1,0,1
403,100625,1.27,0.00,61.00,1754.13,1,1,0,1
404,100876,1.68,0.00,53.84,2440.58,1,1,0,1
405,101126,2.04,0.00,46.92,3111.95,1,1,0,1
406,101376,2.34,0.00,40.27,3764.08,1,1,0,1
407,101627,2.60,0.00,33.93,4392.95,1,1,0,1
408,101877,2.81,0.00,27.90,4994.67,1,1,0,1
409,102127,2.98,0.00,22.22,5565.51,1,1,0,1
410,102377,3.11,0.00,16.90,6101.96,1,1,0,1
411,102628,3.20,0.00,11.94,6600.69,1,1,0,1
412,102878,3.25,0.00,7.36,7058.63,1,1,0,1
413,103128,3.27,0.00,3.16,7472.93,1,1,0,1
414,103379,3.27,0.00,-0.67,7841.05,1,1,0,1
415,103629,3.24,0.00,-4.14,8160.71,1,1,0,1
416,103879,3.18,0.00,-7.23,8429.92,1,1,0,1
417,104130,3.10,0.00,-9.97,8647.04,1,1,0,1
418,104380,3.01,0.00,-12.37,8810.70,1,1,0,1
419,104630,2.89,0.00,-14.44,8919.91,1,1,0,1
420,104881,2.77,0.00,-16.19,8973.99,1,1,0,1
421,105131,2.63,0.00,-17.64,8972.60,1,1,0,1
422,105381,2.49,0.00,-18.81,8915.76,1,1,0,1
423,105632,2.34,0.00,-19.71,8803.81,1,1,0,1
424,105882,2.18,0.00,-20.36,8637.44,1,1,0,1
425,106132,2.02,0.00,-20.78,8417.69,1,1,0,1
426,106382,1.86,0.00,-20.99,8145.91,1,1,0,1
427,106633,1.70,0.00,-21.01,7823.78,1,1,0,1
428,106883,1.54,0.00,-20.85,7453.30,1,1,0,1
429,107133,1.38,0.00,-20.53,7036.74,1,1,0,1
430,107384,1.23,0.00,-20.08,6576.70,1,1,0,1
431,107634,1.08,0.00,-19.50,6076.01,1,1,0,1
432,107884,0.94,0.00,-18.81,5537.76,1,1,0,1
433,108135,0.80,0.00,-18.04,4965.28,1,1,0,1
434,108385,0.67,0.00,-17.19,4362.12,1,1,0,1
435,108635,0.54,0.00,-16.28,3731.99,1,1,0,1
436,108886,0.43,0.00,-15.32,3078.80,1,1,0,1
437,109136,0.32,0.00,-14.33,2406.58,1,1,0,1
438,109386,0.22,0.00,-13.31,1719.48,1,1,0,1
439,109637,0.12,0.00,-12.28,1021.76,1,1,0,1
440,109887,0.04,0.00,-11.24,317.72,1,1,0,1
441,110137,-0.04,0.00,-10.21,-388.28,1,1,0,1
442,110387,-0.11,0.00,-9.20,-1091.89,1,1,0,1
443,110638,-0.17,0.00,-8.21,-1788.74,1,1,0,1
444,110888,-0.23,0.00,-7.24,-2474.54,1,1,0,1
445,111138,-0.28,0.00,-6.30,-3145.04,1,1,0,1
446,111389,-0.32,0.00,-5.41,-3796.11,1,1,0,1
447,111639,-0.35,0.00,-4.55,-4423.71,1,1,0,1
448,111889,-0.38,0.00,-3.74,-5023.97,1,1,0,1
449,112140,0.00,0.00,0.00,-5593.18,1,1,0,1
450,112390,0.00,0.00,0.00,-6127.82,1,1,0,1
451,112640,0.00,0.00,0.00,-6624.58,1,1,0,1
452,112891,0.00,0.00,0.00,-7080.40,1,1,0,1
453,113141,0.00,0.00,0.00,-7492.46,1,1,0,1
454,113391,0.00,0.00,0.00,-7858.21,1,1,0,1
455,113642,0.00,0.00,0.00,-8175.38,1,1,0,1
456,113892,0.00,0.00,0.00,-8442.03,1,1,0,1
457,114142,0.00,0.00,0.00,-8656.50,1,1,0,1
458,114392,0.00,0.00,0.00,-8817.46,1,1,0,1
459,114643,0.00,0.00,0.00,-8923.93,1,1,0,1
460,114893,0.00,0.00,0.00,-8975.24,1,1,0,1
461,115143,0.00,0.00,0.00,-8971.08,1,1,0,1
462,115394,0.00,0.00,0.00,-8911.47,1,1,0,1
463,115644,0.00,0.00,0.00,-8796.77,1,1,0,1
464,115894,0.00,0.00,0.00,-8627.71,1,1,0,1
465,116145,0.00,0.00,0.00,-8405.32,1,1,0,1
466,116395,0.00,0.00,0.00,-8130.98,1,1,0,1
467,116645,0.00,0.00,0.00,-7806.39,1,1,0,1
468,116896,0.00,0.00,0.00,-7433.54,1,1,0,1
469,117146,0.00,0.00,0.00,-7014.75,1,1,0,1
470,117396,0.00,0.00,0.00,-6552.61,1,1,0,1
471,117647,0.00,0.00,0.00,-6049.96,1,1,0,1
472,117897,0.00,0.00,0.00,-5509.92,1,1,0,1
473,118147,0.00,0.00,0.00,-4935.82,1,1,0,1
474,118397,0.00,0.00,0.00,-4331.22,1,1,0,1
475,118648,0.00,0.00,0.00,-3699.85,1,1,0,1
476,118898,0.00,0.00,0.00,-3045.61,1,1,0,1
477,119148,0.00,0.00,0.00,-2372.54,1,1,0,1
478,119399,0.00,0.00,0.00,-1684.81,1,1,0,1
479,119649,0.00,0.00,0.00,-986.67,1,1,0,1
480,119899,0.00,0.00,0.00,-282.43,1,1,0,1
481,120150,0.00,0.00,0.00,423.56,0,1,0,1
482,120400,0.00,0.00,0.00,1126.93,0,1,0,1
483,120650,0.00,0.00,0.00,1823.33,0,1,0,1
484,120901,0.00,0.00,0.00,2508.46,0,1,0,1
485,121151,0.00,0.00,0.00,3178.09,0,1,0,1
486,121401,0.00,0.00,0.00,3828.08,0,1,0,1
487,121652,0.00,0.00,0.00,4454.41,0,1,0,1
488,121902,0.00,0.00,0.00,5053.20,0,1,0,1
489,122152,0.00,0.00,0.00,5620.76,0,1,0,1
490,122403,0.00,0.00,0.00,6153.58,0,1,0,1
491,122653,0.00,0.00,0.00,6648.37,0,1,0,1
492,122903,0.00,0.00,0.00,7102.07,0,1,0,1
493,123153,0.00,0.00,0.00,7511.86,0,1,0,1
494,123404,0.00,0.00,0.00,7875.23,0,1,0,1
495,123654,0.00,0.00,0.00,8189.93,0,1,0,1
496,123904,0.00,0.00,0.00,8454.01,0,1,0,1
497,124155,0.00,0.00,0.00,8665.83,0,1,0,1
498,124405,0.00,0.00,0.00,8824.09,0,1,0,1
499,124655,0.00,0.00,0.00,8927.81,0,1,0,1
500,124906,0.00,0.00,0.00,8976.35,0,1,0,1
501,125156,0.00,0.00,0.00,8969.41,0,1,0,1
502,125406,0.00,0.00,0.00,8907.03,0,1,0,1
503,125657,0.00,0.00,0.00,8789.60,0,1,0,1
504,125907,0.00,0.00,0.00,8617.85,0,1,0,1
505,126157,0.00,0.00,0.00,8392.83,0,1,0,1
506,126408,0.00,0.00,0.00,8115.93,0,1,0,1
507,126658,0.00,0.00,0.00,7788.87,0,1,0,1
508,126908,0.00,0.00,0.00,7413.67,0,1,0,1
509,127158,0.00,0.00,0.00,6992.65,0,1,0,1
510,127409,0.00,0.00,0.00,6528.41,0,1,0,1
511,127659,0.00,0.00,0.00,6023.82,0,1,0,1
512,127909,0.00,0.00,0.00,5481.99,0,1,0,1
513,128160,0.00,0.00,0.00,4906.29,0,1,0,1
514,128410,0.00,0.00,0.00,4300.26,0,1,0,1
515,128660,0.00,0.00,0.00,3667.65,0,1,0,1
516,128911,0.00,0.00,0.00,3012.37,0,1,0,1
517,129161,0.00,0.00,0.00,2338.47,0,1,0,1
518,129411,0.00,0.00,0.00,1650.12,0,1,0,1
519,129662,0.00,0.00,0.00,951.57,0,1,0,1
520,129912,0.00,0.00,0.00,247.14,0,1,0,1
521,130162,0.00,0.00,0.00,-458.82,0,1,0,1
522,130413,0.00,0.00,0.00,-1161.95,0,1,0,1
523,130663,0.00,0.00,0.00,-1857.89,0,1,0,1
524,130913,0.00,0.00,0.00,-2542.35,0,1,0,1
525,131163,0.00,0.00,0.00,-3211.09,0,1,0,1
526,131414,0.00,0.00,0.00,-3859.99,0,1,0,1
527,131664,0.00,0.00,0.00,-4485.03,0,1,0,1
528,131914,0.00,0.00,0.00,-5082.35,0,1,0,1
529,132165,0.00,0.00,0.00,-5648.26,0,1,0,1
530,132415,0.00,0.00,0.00,-6179.25,0,1,0,1
531,132665,0.00,0.00,0.00,-6672.06,0,1,0,1
532,132916,0.00,0.00,0.00,-7123.62,0,1,0,1
533,133166,0.00,0.00,0.00,-7531.16,0,1,0,1
534,133416,0.00,0.00,0.00,-7892.14,0,1,0,1
535,133667,0.00,0.00,0.00,-8204.35,0,1,0,1
536,133917,0.00,0.00,0.00,-8465.85,0,1,0,1
537,134167,0.00,0.00,0.00,-8675.02,0,1,0,1
538,134418,0.00,0.00,0.00,-8830.58,0,1,0,1
539,134668,0.00,0.00,0.00,-8931.55,0,1,0,1
540,134918,0.00,0.00,0.00,-8977.32,0,1,0,1
541,135168,0.00,0.00,0.00,-8967.61,0,1,0,1
542,135419,0.00,0.00,0.00,-8902.47,0,1,0,1
543,135669,0.00,0.00,0.00,-8782.30,0,1,0,1
544,135919,0.00,0.00,0.00,-8607.85,0,1,0,1
545,136170,0.00,0.00,0.00,-8380.20,0,1,0,1
546,136420,0.00,0.00,0.00,-8100.75,0,1,0,1
547,136670,0.00,0.00,0.00,-7771.24,0,1,0,1
548,136921,0.00,0.00,0.00,-7393.69,0,1,0,1
549,137171,0.00,0.00,0.00,-6970.44,0,1,0,1
550,137421,0.00,0.00,0.00,-6504.11,0,1,0,1
551,137672,0.00,0.00,0.00,-5997.58,0,1,0,1
552,137922,0.00,0.00,0.00,-5453.99,0,1,0,1
553,138172,0.00,0.00,0.00,-4876.68,0,1,0,1
554,138423,0.00,0.00,0.00,-4269.23,0,1,0,1
555,138673,0.00,0.00,0.00,-3635.39,0,1,0,1
556,138923,0.00,0.00,0.00,-2979.08,0,1,0,1
557,139173,0.00,0.00,0.00,-2304.36,0,1,0,1
558,139424,0.00,0.00,0.00,-1615.40,0,1,0,1
559,139674,0.00,0.00,0.00,-916.45,0,1,0,1
560,139924,0.00,0.00,0.00,-211.84,0,1,0,1
561,140175,0.00,0.00,0.00,494.08,0,0,0,1
562,140425,0.00,0.00,0.00,1196.95,0,0,0,1
563,140675,0.00,0.00,0.00,1892.42,0,0,0,1
564,140926,0.00,0.00,0.00,2576.19,0,0,0,1
565,141176,0.00,0.00,0.00,3244.04,0,0,0,1
566,141426,0.00,0.00,0.00,3891.84,0,0,0,1
567,141677,0.00,0.00,0.00,4515.59,0,0,0,1
568,141927,0.00,0.00,0.00,5111.42,0,0,0,1
569,142177,0.00,0.00,0.00,5675.66,0,0,0,1
570,142428,0.00,0.00,0.00,6204.83,0,0,0,1
571,142678,0.00,0.00,0.00,6695.64,0,0,0,1
572,142928,0.00,0.00,0.00,7145.07,0,0,0,1
573,143178,0.00,0.00,0.00,7550.33,0,0,0,1
574,143429,0.00,0.00,0.00,7908.93,0,0,0,1
575,143679,0.00,0.00,0.00,8218.64,0,0,0,1
576,143929,0.00,0.00,0.00,8477.56,0,0,0,1
577,144180,0.00,0.00,0.00,8684.08,0,0,0,1
578,144430,0.00,0.00,0.00,8836.93,0,0,0,1
579,144680,0.00,0.00,0.00,8935.16,0,0,0,1
580,144931,0.00,0.00,0.00,8978.16,0,0,0,1
581,145181,0.00,0.00,0.00,8965.67,0,0,0,1
582,145431,0.00,0.00,0.00,8897.76,0,0,0,1
583,145682,0.00,0.00,0.00,8774.86,0,0,0,1
584,145932,0.00,0.00,0.00,8597.72,0,0,0,1
585,146182,0.00,0.00,0.00,8367.45,0,0,0,1
586,146433,0.00,0.00,0.00,8085.45,0,0,0,1
587,146683,0.00,0.00,0.00,7753.48,0,0,0,1
588,146933,0.00,0.00,0.00,7373.59,0,0,0,1
589,147183,0.00,0.00,0.00,6948.13,0,0,0,1
590,147434,0.00,0.00,0.00,6479.72,0,0,0,1
591,147684,0.00,0.00,0.00,5971.26,0,0,0,1
592,147934,0.00,0.00,0.00,5425.89,0,0,0,1
593,148185,0.00,0.00,0.00,4846.99,0,0,0,1
594,148435,0.00,0.00,0.00,4238.13,0,0,0,1
595,148685,0.00,0.00,0.00,3603.07,0,0,0,1
596,148936,0.00,0.00,0.00,2945.75,0,0,0,1
597,149186,0.00,0.00,0.00,2270.21,0,0,0,1
598,149436,0.00,0.00,0.00,1580.65,0,0,0,1
599,149687,0.00,0.00,0.00,881.32,0,0,0,1
600,149937,0.00,0.00,0.00,176.54,0,0,0,1
601,150187,0.00,0.00,0.00,-529.34,0,0,0,1
602,150438,0.00,0.00,0.00,-1231.94,0,0,0,1
603,150688,0.00,0.00,0.00,-1926.92,0,0,0,1
604,150938,0.00,0.00,0.00,-2610.00,0,0,0,1
605,151188,0.00,0.00,0.00,-3276.94,0,0,0,1
606,151439,0.00,0.00,0.00,-3923.63,0,0,0,1
607,151689,0.00,0.00,0.00,-4546.07,0,0,0,1
608,151939,0.00,0.00,0.00,-5140.41,0,0,0,1
609,152190,0.00,0.00,0.00,-5702.98,0,0,0,1
610,152440,0.00,0.00,0.00,-6230.30,0,0,0,1
611,152690,0.00,0.00,0.00,-6719.12,0,0,0,1
612,152941,0.00,0.00,0.00,-7166.40,0,0,0,1
613,153191,0.00,0.00,0.00,-7569.39,0,0,0,1
614,153441,0.00,0.00,0.00,-7925.59,0,0,0,1
615,153692,0.00,0.00,0.00,-8232.81,0,0,0,1
616,153942,0.00,0.00,0.00,-8489.15,0,0,0,1
617,154192,0.00,0.00,0.00,-8693.01,0,0,0,1
618,154443,0.00,0.00,0.00,-8843.14,0,0,0,1
619,154693,0.00,0.00,0.00,-8938.62,0,0,0,1
620,154943,0.00,0.00,0.00,-8978.85,0,0,0,1
621,155193,0.00,0.00,0.00,-8963.58,0,0,0,1
622,155444,0.00,0.00,0.00,-8892.92,0,0,0,1
623,155694,0.00,0.00,0.00,-8767.28,0,0,0,1
624,155944,0.00,0.00,0.00,-8587.46,0,0,0,1
625,156195,0.00,0.00,0.00,-8354.56,0,0,0,1
626,156445,0.00,0.00,0.00,-8070.02,0,0,0,1
627,156695,0.00,0.00,0.00,-7735.61,0,0,0,1
628,156946,0.00,0.00,0.00,-7353.38,0,0,0,1
629,157196,0.00,0.00,0.00,-6925.70,0,0,0,1
630,157446,0.00,0.00,0.00,-6455.22,0,0,0,1
631,157697,0.00,0.00,0.00,-5944.84,0,0,0,1
632,157947,0.00,0.00,0.00,-5397.71,0,0,0,1
633,158197,0.00,0.00,0.00,-4817.23,0,0,0,1
634,158448,0.00,0.00,0.00,-4206.97,0,0,0,1
635,158698,0.00,0.00,0.00,-3570.70,0,0,0,1
636,158948,0.00,0.00,0.00,-2912.37,0,0,0,1
637,159198,0.00,0.00,0.00,-2236.03,0,0,0,1
638,159449,0.00,0.00,0.00,-1545.88,0,0,0,1
639,159699,0.00,0.00,0.00,-846.17,0,0,0,1
640,159949,0.00,0.00,0.00,-141.23,0,0,0,1
641,160200,0.00,0.00,0.00,564.58,0,0,0,1
642,160450,0.00,0.00,0.00,1266.90,0,0,0,1
643,160700,0.00,0.00,0.00,1961.39,0,0,0,1
644,160951,0.00,0.00,0.00,2643.76,0,0,0,1
645,161201,0.00,0.00,0.00,3309.79,0,0,0,1
646,161451,0.00,0.00,0.00,3955.36,0,0,0,1
647,161702,0.00,0.00,0.00,4576.49,0,0,0,1
648,161952,0.00,0.00,0.00,5169.33,0,0,0,1
649,162202,0.00,0.00,0.00,5730.21,0,0,0,1
650,162453,0.00,0.00,0.00,6255.68,0,0,0,1
651,162703,0.00,0.00,0.00,6742.49,0,0,0,1
652,162953,0.00,0.00,0.00,7187.62,0,0,0,1
653,163204,0.00,0.00,0.00,7588.33,0,0,0,1
654,163454,0.00,0.00,0.00,7942.13,0,0,0,1
655,163704,0.00,0.00,0.00,8246.85,0,0,0,1
656,163954,0.00,0.00,0.00,8500.60,0,0,0,1
657,164205,0.00,0.00,0.00,8701.80,0,0,0,1
658,164455,0.00,0.00,0.00,8849.22,0,0,0,1
659,164705,0.00,0.00,0.00,8941.95,0,0,0,1
660,164956,0.00,0.00,0.00,8979.41,0,0,0,1
661,165206,0.00,0.00,0.00,8961.36,0,0,0,1
662,165456,0.00,0.00,0.00,8887.93,0,0,0,1
663,165707,0.00,0.00,0.00,8759.57,0,0,0,1
664,165957,0.00,0.00,0.00,8577.07,0,0,0,1
665,166207,0.00,0.00,0.00,8341.55,0,0,0,1
666,166458,0.00,0.00,0.00,8054.47,0,0,0,1
667,166708,0.00,0.00,0.00,7717.61,0,0,0,1
668,166958,0.00,0.00,0.00,7333.06,0,0,0,1
669,167209,0.00,0.00,0.00,6903.17,0,0,0,1
670,167459,0.00,0.00,0.00,6430.62,0,0,0,1
671,167709,0.00,0.00,0.00,5918.33,0,0,0,1
672,167959,0.00,0.00,0.00,5369.45,0,0,0,1
673,168210,0.00,0.00,0.00,4787.39,0,0,0,1
674,168460,0.00,0.00,0.00,4175.74,0,0,0,1
675,168710,0.00,0.00,0.00,3538.28,0,0,0,1
676,168961,0.00,0.00,0.00,2878.95,0,0,0,1
677,169211,0.00,0.00,0.00,2201.82,0,0,0,1
678,169461,0.00,0.00,0.00,1511.09,0,0,0,1
679,169712,0.00,0.00,0.00,811.01,0,0,0,1
680,169962,0.00,0.00,0.00,105.93,0,0,0,1
681,170212,0.00,0.00,0.00,-599.81,0,0,0,1
682,170463,0.00,0.00,0.00,-1301.85,0,0,0,1
683,170713,0.00,0.00,0.00,-1995.84,0,0,0,1
684,170963,0.00,0.00,0.00,-2677.49,0,0,0,1
685,171214,0.00,0.00,0.00,-3342.59,0,0,0,1
686,171464,0.00,0.00,0.00,-3987.03,0,0,0,1
687,171714,0.00,0.00,0.00,-4606.83,0,0,0,1
688,171964,0.00,0.00,0.00,-5198.16,0,0,0,1
689,172215,0.00,0.00,0.00,-5757.36,0,0,0,1
690,172465,0.00,0.00,0.00,-6280.97,0,0,0,1
691,172715,0.00,0.00,0.00,-6765.76,0,0,0,1
692,172966,0.00,0.00,0.00,-7208.73,0,0,0,1
693,173216,0.00,0.00,0.00,-7607.15,0,0,0,1
694,173466,0.00,0.00,0.00,-7958.55,0,0,0,1
695,173717,0.00,0.00,0.00,-8260.76,0,0,0,1
696,173967,0.00,0.00,0.00,-8511.92,0,0,0,1
697,174217,0.00,0.00,0.00,-8710.46,0,0,0,1
698,174468,0.00,0.00,0.00,-8855.16,0,0,0,1
699,174718,0.00,0.00,0.00,-8945.14,0,0,0,1
700,174968,0.00,0.00,0.00,-8979.82,0,0,0,1
701,175219,0.00,0.00,0.00,-8959.01,0,0,0,1
702,175469,0.00,0.00,0.00,-8882.82,0,0,0,1
703,175719,0.00,0.00,0.00,-8751.72,0,0,0,1
704,175969,0.00,0.00,0.00,-8566.54,0,0,0,1
705,176220,0.00,0.00,0.00,-8328.40,0,0,0,1
706,176470,0.00,0.00,0.00,-8038.80,0,0,0,1
707,176720,0.00,0.00,0.00,-7699.50,0,0,0,1
708,176971,0.00,0.00,0.00,-7312.62,0,0,0,1
709,177221,0.00,0.00,0.00,-6880.54,0,0,0,1
710,177471,0.00,0.00,0.00,-6405.93,0,0,0,1
711,177722,0.00,0.00,0.00,-5891.73,0,0,0,1
712,177972,0.00,0.00,0.00,-5341.11,0,0,0,1
713,178222,0.00,0.00,0.00,-4757.48,0,0,0,1
714,178473,0.00,0.00,0.00,-4144.45,0,0,0,1
715,178723,0.00,0.00,0.00,-3505.80,0,0,0,1
716,178973,0.00,0.00,0.00,-2845.48,0,0,0,1
717,179224,0.00,0.00,0.00,-2167.57,0,0,0,1
718,179474,0.00,0.00,0.00,-1476.27,0,0,0,1
719,179724,0.00,0.00,0.00,-775.84,0,0,0,1
720,179974,0.00,0.00,0.00,-70.62,0,0,0,1
721,180225,0.00,0.00,0.00,635.04,0,0,0,1
722,180475,0.00,0.00,0.00,1336.78,0,0,0,1
723,180725,0.00,0.00,0.00,2030.25,0,0,0,1
724,180976,0.00,0.00,0.00,2711.17,0,0,0,1
725,181226,0.00,0.00,0.00,3375.34,0,0,0,1
726,181476,0.00,0.00,0.00,4018.64,0,0,0,1
727,181727,0.00,0.00,0.00,4637.11,0,0,0,1
728,181977,0.00,0.00,0.00,5226.91,0,0,0,1
729,182227,0.00,0.00,0.00,5784.41,0,0,0,1
730,182478,0.00,0.00,0.00,6306.16,0,0,0,1
731,182728,0.00,0.00,0.00,6788.93,0,0,0,1
732,182978,0.00,0.00,0.00,7229.74,0,0,0,1
733,183229,0.00,0.00,0.00,7625.86,0,0,0,1
734,183479,0.00,0.00,0.00,7974.85,0,0,0,1
735,183729,0.00,0.00,0.00,8274.55,0,0,0,1
736,183979,0.00,0.00,0.00,8523.10,0,0,0,1
737,184230,0.00,0.00,0.00,8718.98,0,0,0,1
738,184480,0.00,0.00,0.00,8860.97,0,0,0,1
739,184730,0.00,0.00,0.00,8948.19,0,0,0,1
740,184981,0.00,0.00,0.00,8980.10,0,0,0,1
741,185231,0.00,0.00,0.00,8956.51,0,0,0,1
742,185481,0.00,0.00,0.00,8877.56,0,0,0,1
743,185732,0.00,0.00,0.00,8743.74,0,0,0,1
744,185982,0.00,0.00,0.00,8555.88,0,0,0,1
745,186232,0.00,0.00,0.00,8315.13,0,0,0,1
746,186483,0.00,0.00,0.00,8022.99,0,0,0,1
747,186733,0.00,0.00,0.00,7681.27,0,0,0,1
748,186983,0.00,0.00,0.00,7292.07,0,0,0,1
749,187234,0.00,0.00,0.00,6857.79,0,0,0,1
750,187484,0.00,0.00,0.00,6381.13,0,0,0,1
751,187734,0.00,0.00,0.00,5865.03,0,0,0,1
752,187984,0.00,0.00,0.00,5312.68,0,0,0,1
753,188235,0.00,0.00,0.00,4727.50,0,0,0,1
754,188485,0.00,0.00,0.00,4113.09,0,0,0,1
755,188735,0.00,0.00,0.00,3473.26,0,0,0,1
756,188986,0.00,0.00,0.00,2811.97,0,0,0,1
757,189236,0.00,0.00,0.00,2133.29,0,0,0,1
758,189486,0.00,0.00,0.00,1441.43,0,0,0,1
759,189737,0.00,0.00,0.00,740.66,0,0,0,1
760,189987,0.00,0.00,0.00,35.31,0,0,0,1
761,190237,0.00,0.00,0.00,-670.26,0,0,0,1
762,190488,0.00,0.00,0.00,-1371.68,0,0,0,1
763,190738,0.00,0.00,0.00,-2064.63,0,0,0,1
764,190988,0.00,0.00,0.00,-2744.81,0,0,0,1
765,191239,0.00,0.00,0.00,-3408.03,0,0,0,1
766,191489,0.00,0.00,0.00,-4050.19,0,0,0,1
767,191739,0.00,0.00,0.00,-4667.31,0,0,0,1
768,191989,0.00,0.00,0.00,-5255.58,0,0,0,1
769,192240,0.00,0.00,0.00,-5811.37,0,0,0,1
770,192490,0.00,0.00,0.00,-6331.25,0,0,0,1
771,192740,0.00,0.00,0.00,-6811.99,0,0,0,1
772,192991,0.00,0.00,0.00,-7250.62,0,0,0,1
773,193241,0.00,0.00,0.00,-7644.45,0,0,0,1
774,193491,0.00,0.00,0.00,-7991.02,0,0,0,1
775,193742,0.00,0.00,0.00,-8288.20,0,0,0,1
776,193992,0.00,0.00,0.00,-8534.16,0,0,0,1
777,194242,0.00,0.00,0.00,-8727.37,0,0,0,1
778,194493,0.00,0.00,0.00,-8866.64,0,0,0,1
779,194743,0.00,0.00,0.00,-8951.10,0,0,0,1
780,194993,0.00,0.00,0.00,-8980.24,0,0,0,1
781,195244,0.00,0.00,0.00,-8953.87,0,0,0,1
782,195494,0.00,0.00,0.00,-8872.17,0,0,0,1
783,195744,0.00,0.00,0.00,-8735.62,0,0,0,1
784,195994,0.00,0.00,0.00,-8545.09,0,0,0,1
785,196245,0.00,0.00,0.00,-8301.73,0,0,0,1
786,196495,0.00,0.00,0.00,-8007.07,0,0,0,1
787,196745,0.00,0.00,0.00,-7662.92,0,0,0,1
788,196996,0.00,0.00,0.00,-7271.40,0,0,0,1
789,197246,0.00,0.00,0.00,-6834.94,0,0,0,1
790,197496,0.00,0.00,0.00,-6356.24,0,0,0,1
791,197747,0.00,0.00,0.00,-5838.25,0,0,0,1
792,197997,0.00,0.00,0.00,-5284.17,0,0,0,1
793,198247,0.00,0.00,0.00,-4697.44,0,0,0,1
794,198498,0.00,0.00,0.00,-4081.67,0,0,0,1
795,198748,0.00,0.00,0.00,-3440.67,0,0,0,1
796,198998,0.00,0.00,0.00,-2778.41,0,0,0,1
797,199249,0.00,0.00,0.00,-2098.97,0,0,0,1
798,199499,0.00,0.00,0.00,-1406.57,0,0,0,1
799,199749,0.00,0.00,0.00,-705.46,0,0,0,1
800,200000,0.00,0.00,0.00,-0.00,0,0,0,1
